32
32
32
32
32
51
4
11
11
11
11
11
11
11
11
11
11
11
11
11
31
32
23
23
23
23
23
23
23
23
23
36
33
1
29
33
50
48
24
26
31
39
20
20
20
20
31
32
18
4
23
23
23
48
39
11
19
20
24
40
6
22
36
0
31
29
7
43
54
1
31
0
9
50
53
36
24
20
12
20
20
32
49
49
22
22
22
22
22
22
23
22
22
22
22
22
22
22
11
22
20
10
30
22
22
0
15
50
0
50
0
21
26
36
6
48
50
50
15
15
15
15
22
15
50
15
50
50
15
50
21
18
8
22
22
22
22
22
22
22
23
22
21
21
24
16
26
1
22
8
9
16
0
32
35
15
21
36
15
50
15
50
50
50
20
31
36
46
36
36
36
31
22
36
47
36
36
36
23
11
8
8
59
54
31
24
17
17
17
17
17
17
17
15
50
17
17
17
17
17
17
20
17
36
36
31
47
22
9
15
17
17
17
17
17
17
22
36
11
22
4
4
4
4
57
4
4
4
4
4
4
57
4
4
22
4
7
33
24
8
26
33
8
24
40
40
40
40
17
17
17
15
15
39
39
9
4
4
57
4
4
4
36
0
40
17
50
11
11
23
20
20
20
20
4
22
29
29
29
51
25
29
51
29
29
29
0
0
0
0
0
0
21
20
9
4
4
21
31
36
58
21
21
1
0
29
8
51
29
17
0
0
0
0
24
24
24
24
20
24
24
36
36
24
24
24
36
36
36
24
55
24
24
24
24
24
24
24
40
27
8
27
27
27
8
8
0
0
0
44
8
8
8
8
8
8
55
15
24
50
24
20
4
24
24
24
24
29
29
8
27
8
8
27
8
27
0
0
18
15
24
18
21
21
21
21
21
21
21
21
21
21
21
21
21
21
51
21
21
21
21
21
21
21
21
21
21
21
21
21
21
21
27
8
27
27
27
27
27
8
8
27
55
21
21
21
21
21
21
21
21
24
21
21
21
21
21
21
23
23
8
23
24
9
9
9
9
24
8
29
20
8
21
24
24
1
18
18
18
18
18
18
18
18
18
18
18
18
18
27
27
21
18
18
18
18
18
18
18
18
18
18
18
18
18
18
18
18
18
18
18
18
9
13
8
9
24
21
18
18
18
18
18
18
18
18
18
18
18
18
18
34
41
41
15
40
41
8
9
9
21
21
33
43
33
33
33
33
33
33
33
18
33
33
33
33
33
33
33
58
33
33
43
33
33
33
33
33
43
33
58
43
34
41
41
10
10
33
43
33
33
33
43
33
58
33
33
10
33
14
14
14
14
41
9
21
32
32
32
32
43
33
33
33
58
33
33
18
14
41
22
32
32
32
33
33
33
22
32
32
32
32
32
22
14
32
22
32
32
32
41
22
8
22
0
24
24
24
32
33
18
8
8
8
8
48
8
8
8
34
8
8
32
32
24
10
24
32
33
43
8
8
34
13
0
58
32
16
16
16
16
16
16
16
16
24
16
16
16
16
16
16
16
16
16
16
16
16
16
16
16
33
33
16
16
16
16
16
16
26
26
26
26
26
8
26
26
26
55
26
26
26
55
26
18
32
32
32
32
18
14
18
18
18
16
16
16
11
16
16
16
16
24
16
16
16
16
16
16
16
16
0
26
26
0
32
26
26
26
26
26
51
16
0
13
26
40
26
32
6
18
18
18
18
18
18
18
18
18
18
18
18
18
18
18
18
18
18
18
18
18
18
12
26
26
26
26
51
26
26
16
16
22
18
18
18
18
18
18
18
26
26
26
26
54
54
45
54
54
26
26
26
29
29
0
0
0
0
0
0
0
0
46
0
0
0
0
0
0
0
0
0
0
0
0
0
0
5
54
26
26
10
61
0
0
0
0
0
18
18
18
38
38
38
38
38
38
38
54
38
38
38
26
16
32
32
46
46
0
0
0
0
0
0
18
26
10
18
38
38
38
38
38
38
54
32
46
0
0
60
32
61
10
61
10
10
10
38
38
46
21
6
6
6
6
6
6
6
6
6
6
6
6
6
6
6
0
6
6
6
6
16
6
6
18
61
5
5
61
5
11
5
5
5
5
13
11
6
11
11
4
46
11
10
5
29
5
5
5
5
5
5
5
13
22
22
22
6
6
6
6
6
6
6
6
6
6
6
6
6
6
6
0
11
11
5
5
5
5
5
5
38
38
41
23
41
41
41
6
6
6
21
0
0
0
0
0
0
0
5
6
11
0
0
0
0
14
0
0
0
10
41
41
17
6
17
0
0
0
0
0
0
0
5
5
5
17
61
10
1
0
0
0
0
0
0
41
0
0
0
1
32
32
24
24
24
55
24
0
0
14
0
0
0
0
5
0
0
0
0
6
6
24
55
24
24
24
0
0
0
0
0
0
35
0
41
6
35
29
47
35
24
24
24
0
12
12
0
20
47
27
56
46
4
0
49
49
49
49
49
49
49
56
46
43
36
49
49
49
29
44
44
44
44
36
38
23
23
23
23
52
23
52
23
0
52
23
23
2
2
2
2
2
2
2
2
2
2
2
2
41
2
2
44
44
44
44
46
56
13
23
52
23
23
23
23
23
23
2
2
2
44
1
23
23
23
23
23
23
23
0
52
52
23
49
0
0
0
0
4
44
23
23
23
23
23
0
0
0
0
0
0
20
2
20
0
32
58
12
12
12
12
12
12
12
12
23
12
12
12
12
12
12
13
12
12
12
28
28
12
12
12
12
8
31
36
36
36
0
0
36
12
28
12
12
12
28
12
12
12
12
12
12
12
31
0
2
36
36
36
36
56
36
56
36
12
28
12
12
12
12
23
33
33
33
33
36
36
31
43
43
57
43
33
33
33
36
36
36
56
36
12
12
12
12
43
43
43
43
43
43
57
33
8
8
8
8
8
8
8
8
8
8
12
23
48
48
1
1
1
48
1
43
43
1
0
0
0
8
8
8
8
8
8
8
8
36
8
8
8
8
8
8
1
48
1
1
1
1
43
0
0
48
44
8
8
8
12
20
20
25
25
29
1
1
33
33
43
43
1
1
54
54
54
54
54
54
0
0
44
1
1
1
1
48
54
54
54
54
0
48
8
36
50
50
50
24
50
24
50
50
34
24
24
34
24
24
50
50
50
24
24
50
24
24
50
24
4
4
4
11
4
4
11
54
44
24
34
50
50
50
50
20
11
4
4
11
11
21
8
8
21
8
21
50
24
50
24
21
21
21
8
21
21
21
21
21
21
1
36
36
36
30
36
36
36
4
11
4
36
36
22
8
8
21
8
8
8
8
21
50
24
24
21
21
30
36
36
30
30
54
19
28
16
53
19
19
19
21
21
8
19
19
19
19
19
16
10
10
10
10
10
10
10
37
36
10
10
10
10
10
10
4
10
19
19
19
12
28
8
16
10
8
12
36
36
32
29
29
29
29
29
29
29
19
19
53
29
29
29
46
29
29
29
29
29
50
32
16
32
57
16
10
10
10
36
29
29
29
29
29
29
19
16
19
21
32
10
12
18
48
27
27
27
27
27
8
27
29
29
29
4
19
1
22
28
32
1
1
3
1
1
1
1
1
47
1
1
1
29
29
22
57
1
47
1
3
21
36
36
55
3
3
22
22
10
37
37
37
37
37
37
37
1
1
1
37
37
37
37
37
37
55
29
41
36
27
20
22
16
37
37
37
37
55
37
32
37
37
1
1
27
0
20
20
20
20
20
20
20
55
20
20
20
20
20
20
20
35
35
35
35
35
35
35
35
35
35
35
35
35
35
35
35
35
20
20
20
20
20
20
20
20
3
36
50
35
41
35
44
35
37
37
21
27
1
20
20
12
39
39
39
39
35
35
35
1
54
7
7
7
7
37
29
45
30
26
54
1
28
28
34
16
16
28
28
39
28
28
28
28
53
28
28
28
28
28
16
26
16
20
34
28
28
28
28
28
28
28
28
28
16
28
28
28
28
16
28
28
9
9
8
9
9
24
9
8
0
20
8
8
28
28
28
35
42
42
0
42
42
42
42
8
9
9
32
60
26
28
26
39
42
5
9
7
7
7
7
7
7
22
28
13
29
20
20
20
42
42
24
9
7
7
7
7
28
20
20
20
20
42
42
20
20
20
7
22
7
45
50
50
45
50
50
45
50
56
50
20
20
20
20
20
7
7
51
50
50
51
20
4
54
59
59
28
42
39
39
45
20
20
59
8
59
10
20
39
39
39
50
4
4
18
1
1
1
1
1
39
39
1
1
1
1
1
18
1
1
1
1
1
1
1
1
1
1
1
1
11
1
11
18
1
1
1
1
1
50
21
32
32
32
32
51
32
59
11
11
11
11
11
11
11
11
1
11
11
11
11
11
11
39
6
11
35
11
11
11
11
11
11
11
11
40
31
31
